0.69 0.44 0.98 0.38 0.0 0.0 0.0 0.0 0.0 0.0 0.0 0.0 0.0 0.0
0.0 0.0 0.0 0.0 0.64 0.7 0.0 0.0 0.0 0.0 0.0 0.0 0.0 0.0
0.0 0.0 0.0 0.66 0.0 0.0 0.0 0.0 0.0 0.0 0.0 0.0 0.0 0.0
0.0 0.0 0.0 0.0 0.0 0.0 0.72 0.0 0.0 0.0 0.0 0.0 0.0 0.0
0.0 0.0 0.0 0.0 0.0 0.0 0.37 0.0 0.0 0.0 0.0 0.0 0.0 0.0
0.0 0.0 0.15 0.0 0.83 0.0 0.0 0.92 0.28 0.99 0.0 0.0 0.0 0.0
0.0 0.0 0.47 0.0 0.0 0.0 0.89 0.0 0.0 0.0 0.77 0.0 0.0 0.0
0.0 0.0 0.0 0.0 0.0 0.0 0.0 0.0 0.0 0.83 0.0 0.0 0.0 0.0
0.0 0.0 0.0 0.0 0.0 0.0 0.0 0.0 0.0 0.0 0.0 0.43 0.0 0.0
0.0 0.0 0.0 0.0 0.8 0.0 0.0 0.02 0.0 0.0 0.0 0.0 0.53 0.74
0.0 0.0 0.94 0.0 0.0 0.0 0.0 0.0 0.0 0.0 0.0 0.0 0.0 0.0
